3.332572905476411
4.522011376442282
4.361966681449416
3.9718757483032303
3.8322915129675037
4.455553661291693
4.879886824590439
4.90554294027167
4.859580933756222
4.860730799838229
4.5465855682449465
4.3976350991746145
5.017494317302695
3.9687406244872463
4.904551661226819
4.8908942773047945
4.926076446638115
4.9737788255278925
4.153189888752018
3.8783688968463492
4.775414191097986
4.5468774411172665
4.612979074950561
4.829642228738909
4.630024658358979
5.315521141741373
4.942708172615271
4.6714298667979985
2.872581377867422
5.042128260265295
3.831410286935998
4.38246692233643
4.957619520145356
4.0049772537023305
4.087880163645184
4.363435897770164
4.856832440262171
5.091293278438903
3.7726444168389937
4.198702621962171
4.516320968072558
4.134674341296726
4.570321046316986
4.204007820386234
5.423939435268507
5.724022119981333
4.187326476364317
4.229183215546637
5.401220453292358
4.403855661292115
3.931538535160869
5.467888076121929
4.731411357467411
5.119839420739152
4.844888092527631
3.42456792692721
4.497600427186037
4.354615062119457
3.8122499689807383
4.158499491310672
4.631636712708785
5.405626563961341
4.702751037782735
3.8436596590314855
4.839315133091904
3.730739573064003
4.457979638727301
5.4927647807269295
3.726713232254592
3.7142088687735915
4.873316455011374
4.764756158372316
4.818304788036567
4.469555388289236
4.653868327357618
4.408740991887821
4.852413766668817
4.298607700821037
5.131586881203452
4.980892189139963
5.07897458098483
4.965378025598397
4.513139679936311
4.790338017906729
5.111428528013907
4.915839408687611
3.8040382361903586
4.044913589985991
3.9763423209105713
5.17700560425853
4.689402652711345
4.3780495507827535
4.669619096519222
4.2311931661489774
4.3462346610980775
4.404839698477406
4.424428111102987
4.284044389416242
3.72628712146465
4.926980566613233
4.564850445266902
4.154145016343373
4.330967252900212
4.672652721106738
5.010564487083095
5.776521254410467
4.25857084503693
4.290066474875646
5.754577440844561
3.6171270337551413
4.004795591626263
5.38689761212074
5.1574741773192585
4.935246942488636
5.0953107710094425
5.3328480330784105
4.598918181397385
3.471832724885205
4.782407877957132
4.267612093395445
5.330493615137523
3.9275409531979735
4.750632505274034
4.822792526660957
3.8704318591076348
4.736756837793748
3.816501821781838
4.771946438300508
3.770542882852193
4.417539767334327
3.972607188551685
3.8758918422301565
3.8808738414843496
4.356576452565116
3.7887271653053753
3.816697292955846
4.5765491962899745
3.661880180704178
4.090159990193734
4.310802281290301
4.61430596054358
4.6096782577760065
4.709165299478459
4.532784231130691
4.902947291075488
3.4788776851839405
4.942500790169518
5.340342008043521
4.449546668840404
4.131061962434761
4.060743396255346
5.075520058556647
5.03521451542945
4.380623735013467
4.848369877570047
5.1506568819580885
5.0976148441667615
4.622980964346814
5.457970308001129
4.270600037725646
4.893282446697851
4.848815646824777
3.908823771954867
4.02169913623365
4.4004808121802625
4.562338598168612
4.767459850014229
5.130927111216433
5.356733966725155
3.5795766835775806
3.4512596797776336
4.428772739237276
4.72229631932297
4.791625004541137
3.946621379529035
4.525734412533436
4.27147873257403
4.525638550844671
4.297926368318097
4.380226359624541
3.5248800904664686
3.923412218401339
4.433681092187047
4.237397640551576
4.4799159956811145
4.074599389135354
4.735494267662661
4.515907465040999
4.249772651780343
3.644418993079879
3.5379004701506473
4.12100369430619
4.4568926231089545
3.403004001751916
4.357417218598299
4.67743332465521
3.6759450153321613
4.603558877972355
4.267308675134513
4.816893788319875
4.204041440963392
4.50135703252181
4.839086155067046
3.6362216432252428
4.140237049601471
4.9744033175330395
4.8863173044393164
4.614100753744657
4.348989414505445
5.245738254549762
4.990106512897052
4.4194111903073034
4.649083286085851
5.036436918575635
4.044487347378535
3.900879170106303
4.566193090492659
4.392608462339814
3.999508714790806
4.401791109644945
4.1379590169716645
4.224312815703363
3.857753522131555
4.885230149150329
3.96999685415636
4.62359669838602
4.448851447178683
3.74881909330677
3.566981366185298
4.0171094712963695
4.839967586271884
2.9192749170568884
4.296635619219774
3.5301884439815323
4.448723119665966
4.257522510980146
4.958406692157366
5.163470453864033
2.6794365496695036
4.861090334930254
3.4792456738628226
4.941442587363306
2.8455337811323256
4.150849522125203
3.652753580764268
3.762209432654459
3.5596184050709625
3.009826320390107
4.329765659268912
5.1815941642480725
3.81858254183839
3.913896878300764
4.071330222353867
3.9041944746412915
4.909983157959609
4.391508217179019
4.570938271362872
4.377766134426344
5.035679344312303
4.901881222000891
4.939522686291044
4.924517848588679
4.75892988263818
4.814835765843641
4.548396035711062
4.6494877507784995
4.323273292285863
4.355492124698641
4.335989336935037
5.042008694897372
4.790607482295121
4.178444806639448
4.2584865465669095
4.209435499630575
4.077840114275921
4.91975311714308
4.629813258876746
5.04274911913454
4.266101198827189
4.278950877019026
4.470437401677026
4.544399646268173
4.909086709890746
4.795332054992093
4.759830509786262
3.8902584894214063
3.6249627396095003
3.7059268955150126
4.468055402007095
4.1567913179287945
4.4501784201324535
4.391264644253227
4.88559327719269
3.179753513261477
4.220416620858924
2.982251930821582
4.4278246688989125
4.393518594088571
4.513790447666478
4.439776281435615
3.8566505168754492
3.4519641674348485
3.7669967115173555
3.3719226595056555
4.35935836842404
4.513909709998121
4.759744511122783
4.837069528015999
4.047782519879748
3.774577341385631
3.9801125247284377
3.400719123722591
4.608801623432801
4.017906324335549
3.9296840302232354
3.56321412149434
4.655482154684219
5.0225310579240805
3.4409242212499196
4.135250968344639
4.123073706372389
3.7907316243017948
5.185857552120973
4.8186177778189725
5.1443280521941945
5.110868784655066
5.095991131530092
4.249730886106883
4.604995288996815
3.9883425024500148
5.346157676836009
4.199880635913056
5.193186779384196
4.57271883643052
4.501172087392578
4.831860263478725
5.178648279093207
4.219722974081147
4.896021023585362
5.571899359248374
3.7827638841915596
5.436832498015959
4.029443221798816
4.490289479097054
5.375047712894809
4.437244420937687
4.8345809631265855
5.165726141531047
4.267176901270098
4.433260031950482
3.157325743201211
4.605807276653161
4.789710200646698
4.2192436536863624
4.016921872802561
4.553689281962261
5.100899947728525
4.583476446991513
4.408025758414914
4.7135517962289555
5.1205184022808075
4.506382071770844
4.52746715669025
4.83765669615716
3.2808296857489436
3.6095498687719108
4.08102912921104
4.1667571192560136
4.742155908501333
3.114098527063222
4.575841621208878
4.280992987896143
4.282202741439586
3.5587956903172038
3.598102590785158
4.494484154765869
4.5623284823862615
4.198595847806597
3.1557808822894486
4.61840731264025
4.415014676049997
4.419020809961321
4.89654271474681
4.959891455435288
2.895297836290574
3.583738967544427
3.725365909683131
4.2044570779161115
4.544816650778464
5.020914785113381
4.770475513127985
3.5003711879084727
4.266566344176814
2.4149068157118623
3.3250420256207125
3.645973723645358
4.69792545278069
4.3295421871944715
4.452273278738459
4.454958093588771
4.7837027539956924
4.8162742370667
4.533276186088673
5.075867769122379
5.228260375416922
5.151785943405172
4.352880175068265
4.56878100302698
3.438540793371182
3.2657646261856144
4.021284840369493
4.234284204748926
4.241069166112372
4.603297200046714
3.47228798975916
5.041615258994768
5.276879375375783
4.426163293560279
4.456198539012498
4.5796103566876845
4.46075452295433
4.129101400498236
3.2113792220706885
4.727274912830065
3.892556365514559
4.016356855841388
3.878368339979784
5.273378549127291
4.756877399977623
3.325087220956564
3.955045987725935
4.1276801352500065
4.9549020677985345
3.836866679366686
3.6956361673017324
3.8827226973227975
3.576686949456238
3.7783516065668867
3.927346471265765
5.080714019108442
5.1596318174913325
4.570482991085384
4.7360584251551
3.467534117114574
4.000906205655131
4.56026186756108
4.630010600706562
4.744585395574863
4.789734661889803
4.503914659035504
4.6476998991310605
4.575079741542956
4.361628844342084
4.76987587809879
3.7240324599125967
3.787095761310602
4.540938374787441
4.466215385078166
5.348008206506267
4.5962768276637425
4.911642749388748
4.657846264559407
5.42038881070224
4.76638681114101
4.46878488268242
4.666757369524279
4.12501226184039
4.896146159917078
4.993281856245401
4.875989612170765
4.289606253637602
4.069075288605194
4.161035713160241
4.146313643633477
4.159089773637885
4.7558484145013145
4.616986591481667
5.1946999536484055
3.5773377572966956
5.1010671816114055
4.475751026410797
4.94579404016267
4.259298835324631
4.73775688031949
4.747884838342355
3.6145323113925554
5.179169462829748
4.640335614795768
3.7294325882072643
4.487682331428973
4.413691983768623
4.225576650599004
4.269684890266424
4.800445845271912
4.99060631675466
3.9319697504804703
4.034300653009536
4.490371605415305
4.814069652834804
4.207484982796555
3.306703029024685
4.259394183210547
4.769300808464365
4.474595095192538
3.721364679318051
5.215568538370406
4.403144332821408
3.851038133091164
4.924878453039478
4.485132993011606
3.8567442786224744
3.4802619740295655
3.1673577092955134
4.987374680365434
5.084995244964603
5.137622218474486
4.133247784917039
5.14556771337445
4.000990117255468
4.572134840457846
4.891237049561051
5.350766554422242
5.032888893112962
5.063579647155444
4.764828981325844
4.130755735274881
4.507461367670481
5.028017487958802
4.843870254763735
4.958577198492393
4.647969029302163
4.69638855455026
4.014661663942001
4.748860455167613
4.942434327938566
5.135040387412649
5.280330663470337
3.83132825996568
4.795408716485575
4.7163562231223555
4.8070642518970805
4.591220250094747
4.85324190039348
4.467670014623036
4.641163398537041
4.504473825849642
4.314352582240105
4.052414326944212
4.484492968907131
5.018539056138832
4.723714846763268
3.6862201768072236
3.8642763609225477
4.374184743279962
5.230005424109276
4.4640065430904725
4.224019408662701
4.409607464546818
4.999856714375268
4.7859695128300785
4.786398840792433
4.187021452043923
4.061541547809031
3.820129975847238
4.6348555488620065
2.9388264569151348
4.0340737173489885
3.489660291801614
4.451900040381654
4.525940693113879
3.9435842050844765
4.173622986594805
4.694266148330823
4.785562236058229
4.365156004455992
4.09820641738963
3.3258177251924006
4.740535379583938
4.144586736858726
4.2950645106465295
4.462234901892431
4.604970658195834
5.1348497637758195
5.098110640712726
4.119772979629375
4.682599390908715
5.205634922879407
4.54609940544807
4.531889488880999
4.542289746445239
5.05806521853089
4.682901091933092
4.496042385913601
4.531456735413092
4.403604989529719
4.102242139593017
4.471619119378071
4.6427738787889945
5.033634523146189
4.135555619050311
5.248935691377278
4.147616172270871
3.8916392703429366
4.565189806331238
4.663328640813926
4.353833212165206
3.977781993981278
4.254450741185504
4.14979146800356
3.7130350906891003
3.778920568458256
3.6409286188294328
3.2753824049609865
3.8573377398989
4.65599972655552
4.194943612196031
4.563427088994934
3.9604824242008663
4.340487204632372
4.0508392397839925
3.6404525791617015
4.436894626677142
4.075977693853569
4.5025899208467495
4.425250848738788
5.292974156508655
5.219891495217566
4.962683097479694
4.69475631885981
4.82855981135259
4.445199766880199
4.9664378647565215
4.5470572041741635
4.08062344474075
4.0142040344478565
4.1938237692247124
4.400431324940311
3.2147384772813106
4.185347785387055
4.682183484232747
4.161976246270297
4.277240431936788
4.015003141602199
3.73719281857472
4.449829954175238
4.291017379721595
4.494496459049687
4.237122131711013
4.054097363827164
4.992718649393118
3.578014191121346
3.8240168313704457
3.1894126787099397
4.1868381640029435
4.900992084671258
4.223947956316948
4.104385474611042
3.694797431551677
3.946447638873483
3.872776345695826
4.295746862933156
4.357265733342097
4.738006899017394
4.111398345640719
4.2125509641389565
3.792967966602702
4.144023876767783
3.6853643631897093
4.966236303880809
4.158913670084524
4.443806816113015
3.6610396228416406
4.716058883089256
4.298350291600092
4.530347831200982
4.0330833825595525
4.258578096124293
5.013816326603719
3.9478972105478514
3.826378000929433
3.5726109168841935
3.527859457720533
4.158557440013141
3.4701415396133584
4.2072800628204305
4.481291640064769
3.343531517567395
3.5860314871946675
3.6866761759212867
4.464474717382916
3.33029520798339
4.211965984081405
4.471000486612807
4.047104721872985
4.345059945877728
4.73555303742776
4.851467643072374
4.767106884939098
4.724812590620301
4.5316166261283515
5.286090862601323
4.237717329263492
3.6981047363282675
5.000977134987922
3.9767964337127233
3.742364294085686
4.597142953713221
3.806653419330125
4.26742519953844
5.192137188530946
4.678266634280754
4.398135175489389
4.165463463062675
4.713436985658642
2.9866179671517417
4.364962034697028
3.816470656906649
5.0836374484085
3.901865108297388
4.917312788181847
4.081038873658609
4.607116617257858
4.9421907671057275
3.569586040129062
3.7052949920667304
4.581434931091797
4.588929242919574
4.4538335013785755
4.603717283108406
4.539837458365402
4.625065511067151
3.236859664244527
3.3401687477085473
3.760155444234228
4.932984168060912
4.894181832614546
3.5037516679393685
4.0070240912858095
4.1813773921960395
4.646911171481917
3.8234580978128827
4.893847210013769
4.829390417017478
4.0944361326078855
4.144773684643275
2.5751614744882163
3.66214060119966
3.970536821861035
3.8922214624472944
4.79572778698343
4.616410271441067
4.074146953618673
4.711649060780297
4.175342466104825
5.071935981207526
4.516799507609463
4.444875863664981
3.932991687902381
4.0429409584575575
4.480320958241448
3.7698227491590557
4.903405484936031
3.9538552438082317
4.351763863689093
4.517627867719353
4.71263541949698
3.7985559622036367
3.5719798952305553
3.786256099511959
4.741619191886159
4.086386539537128
4.381718646889722
4.2946379387234
3.843752571807543
2.3364586205584716
4.154177039966859
4.193406710935659
4.283628102736265
3.735773873696792
3.743707178112343
4.0889310535237025
4.5743756653102565
4.525004074096534
4.325055516639301
4.474428311180999
4.544533805918762
3.1125748821840586
4.817753452289921
3.7930648235635718
3.5840283465833895
4.7395576389687575
4.806361640161021
4.711627399485769
3.524770673016624
5.072558534514893
4.398021614800985
4.511676203257199
4.2212125938655465
4.2206582848009315
4.717993574151373
4.796964274656532
4.8464741862804575
4.322671622982469
4.484462276152304
4.618998888172552
4.00673436290151
3.3793215114627273
4.607692026721035
4.089719492446095
4.821247950088865
3.744622507000161
4.37943031333526
3.8360903852449972
3.9467977291127987
4.422188808717507
4.546857055542477
4.795790627917057
4.301558712519296
3.985951330293854
4.212774755665492
4.434565375644738
4.048496831441466
3.3835644067260615
3.2817481524709113
3.819398626395024
3.6309533796683566
3.2023797547106754
3.7234002083026443
3.4352836428620477
3.4470234974625296
2.3508740625041304
3.831396384324926
4.804140397410148
5.095717605835824
3.0478396947490123
4.4690908455262335
4.112373912903479
4.387946143702654
4.204358674990664
4.7122648155985365
4.34704216550883
4.622327264956172
3.826809396556668
5.065991904875943
3.8118887045807788
4.608792580835651
4.249591370582874
3.5984245217805104
3.7462217666812085
4.3272753762376786
4.351735213946327
4.535863905151272
4.159908757383796
4.876332463612948
3.404915390317487
4.341374421643612
4.594062071562324
4.50314525138593
4.333361074189293
4.477274386238983
4.976243735373337
4.622079198375394
5.249602723086048
4.430685479165334
4.425295857557856
4.746799640370156
4.964027665855809
4.784840787553478
4.523274414682389
4.889030056120696
4.618321752414557
3.5770704596676923
4.540874104117988
4.261453399823052
4.352295417731583
3.6513335916527154
4.590798742077816
4.617302804939697
4.340102820855759
3.8165431749588246
4.836765038530456
3.761874408183237
4.794836073996793
5.136346574389963
3.585174868499473
4.145233513865741
3.2375137796386064
4.482446917666526
4.35392399820874
4.015017622220713
4.556911882562697
5.030142473273601
5.104252661190212
4.424741079176621
4.970887780087972
4.939605018448181
4.760894560342469
4.880238780239086
5.0280368247476295
4.365548117898022
4.835251153050363
4.549870536047724
5.3033150767921065
4.651976393775743
4.122214543858709
4.5520563506826335
5.182843414179359
4.177207209672115
4.278491060414035
4.352086474553888
4.633260642965655
3.9189252919738826
4.833688553309345
4.267754496809304
4.548490973850037
4.842598391628976
4.951284479997224
4.762398355566016
3.714030059595827
4.861399004858024
4.382295633100086
4.302661025563604
4.610396901036287
4.48499569758805
4.185425365797367
4.159090420465692
4.880275208914231
3.073579296052835
4.453195012180203
4.69860381157537
3.339591825568126
4.28882088604758
4.8574321582466595
4.658390186693522
4.400041926205361
4.8651909978315455
4.5182789208414444
5.020584838327804
3.8288735004339984
3.458843232955469
3.7998992430856564
3.090938953818795
3.0825394127969696
4.661555412276381
4.392875153860011
3.3125880137015575
4.639270694224369
4.918796869460735
4.658248540261796
4.518278824845019
3.6059368650029224
4.721933420771275
5.1679043173745605
4.635507450467979
4.127797743249484
4.424030912861951
5.486721913092329
4.909411422981815
3.7454020220525033
5.341904871147045
4.741645833608697
5.123339178393025
4.599294516595383
4.038476752012672
4.53245998199712
4.791190860039391
5.150430025337001
5.30445707105808
4.335316642387577
3.93390293965582
4.333276903872953
3.759239433231963
4.17962149726292
5.203478140520642
4.217098606924901
4.1807313761166665
4.000472582317473
5.058658022125968
3.707133053500069
4.633742342308504
3.577769059010175
3.3367289213404505
3.4825746968963105
4.978339221060796
3.2812285364167892
5.01270405092504
3.779845258502038
4.937755266360771
4.881389011097135
4.008685611265149
5.064489485962599
4.648303387978499
5.426465886231584
5.073611513834628
4.521219817998919
4.421561495601509
5.105453818278448
4.469398110584011
4.560105090052002
3.8422259598791495
4.390517297913681
4.1328357838603225
4.392781697360789
3.0425184016697764
3.7658231359237497
3.24826247838304
3.8360241957412065
3.633843882315768
4.053071459807119
3.6527303242340285
3.256009401297677
4.253917580978672
4.694882624738079
4.356166636695059
4.482800361113336
3.56576973416291
3.2849059535204406
4.988143211908982
3.5828188640437975
3.8814122308874848
4.994497212035608
3.4441780927526082
3.666925963993414
4.017574435165926
4.754875820559891
4.279444559608709
4.59907040399918
4.007366655953636
4.494342604354755
3.6014005550052826
4.332515197104521
4.102414620235439
4.666195568825526
5.032995646872661
4.626250922057715
4.394146458733471
4.749312547684499
5.099135396279877
4.374846390249254
4.218530284854588
5.124920681156211
4.776768974012105
3.857973897041621
5.554678878804857
4.77588896186292
5.297775808240745
4.250819873215474
3.869674787039932
4.1639635326070685
4.25500138530594
2.5557867975019755
3.46524157435657
4.00555961965022
3.4240198674826114
3.3229253822682363
2.5345680396634553
4.282480606441629
4.532149386487322
4.309763271664205
3.296261651890615
4.3084989242082585
3.7652938138151786
4.135232677079115
3.580435078845577
3.3392939736562925
3.21522767525325
4.143419973139261
3.9666052188423575
3.43331410063421
2.9941587507946483
4.0168763174729065
3.005551427090807
3.820986128407043
3.574799367460331
3.4707497809640886
4.040074364503503
3.5956284932360814
3.503986147153593
4.373451750876908
4.750991507594381
3.892145989148375
4.0353407889155495
4.612415682658322
4.309434923676436
3.335687489053063
3.6872731432228223
3.1516723004462945
4.209032813029875
3.8732261948717723
4.4225904309416375
4.9978135194219195
5.322829434575015
4.598163347414248
5.289402969831642
5.271334177006397
4.599600476488712
4.5113607177682775
5.487422689783188
5.3702019137818
3.992487435771643
4.6520471474732
4.587731008109657
5.606066820962675
5.20624500072686
4.788832306678093
4.422544722588911
5.354120243854396
4.892142198480465
4.754031328229581
4.898431329779058
5.424932186628335
5.2259973544652905
5.4820685880564195
5.0536574287881155
5.368151752323869
5.679173510692575
4.231767094046053
4.050666754781977
3.9086628353171577
4.3838713802529305
4.471015681596023
4.2947749170988105
3.774764949817011
4.918389482820318
4.827086460076393
4.396614865782337
3.1697727824933954
4.033741862232449
4.188496236568937
4.277003558728612
4.246314591698755
4.8713358885228635
4.122340865022918
4.337871140976489
3.9195945391995766
4.488247081813406
5.3368297819247985
4.578513924915698
3.7833266734698467
4.952688721267099
4.763758462736496
3.431157921874702
3.3181066235953276
4.821748163022452
4.991596330014903
3.5712271027953855
4.17618873216995
5.031338305631711
4.837115557722545
4.301455769752281
4.404614460437914
4.642226124482104
3.8099978843637827
4.802991464304973
4.202134313964845
5.655817852499806
5.398287611077029
4.863361836838023
4.830222477631859
4.953064011133596
3.518799417341191
4.157329158643971
4.418008153020346
3.8846481857372823
4.789911222707994
3.991145465573008
5.024013139880973
4.081928450304399
4.684222303503868
4.042387860156148
4.271736580407182
4.8212878743632634
4.70859736649429
4.1958144633781815
3.7107834731703613
3.912650129210198
4.463272762800827
3.4987311686575504
4.372759105496165
4.839283779517634
3.22063010921532
4.61845616079899
3.7968941711019477
4.380700674698909
3.0249095806176594
4.674838013519913
4.357937275206504
5.027962367069226
3.73065422935214
2.490122008228944
3.0340389912882038
3.851969947283163
4.947675053804054
4.587026053285286
4.3920428748883085
4.2917408586618135
4.6997214630373225
4.7503596588368895
5.102037007415914
5.084987388354023
4.562043431427657
4.189367785311413
5.038071347181203
5.160591617703455
4.766340614500351
4.364107925848318
5.123917270208787
4.5301889009678495
3.377824614273146
4.676166881569421
4.8744559507977145
5.060237634598576
5.206467784618159
5.046815492794341
4.060248567179058
5.022482222464396
5.040647614965371
4.533294621755371
3.7010791311249345
4.971334338983738
4.674618916106057
4.189705815229793
5.218790459202339
4.164709115076684
5.178296173945853
4.437897820800864
5.08523854941037
4.605678347091007
4.547168004626886
4.718326526623476
4.022928420876103
4.169963179443732
2.7603956478248275
4.7930057900131295
5.149974685522431
3.018793914926943
4.862394515631247
4.479992433434196
4.941346898487198
4.591864843995001
5.401187636391432
3.929775311040988
4.365867855439415
4.814226631181272
4.978456233373559
4.110064355947344
4.2570648483240285
5.076925403431031
5.140032721403727
4.443462231330837
4.947383229406165
4.451046029617522
3.672430100020542
4.5810287840003046
5.136561779368878
4.074167060744043
4.382539731178674
4.009833815488527
5.139319643355951
4.29553410214788
4.085142417561381
3.1685160094644242
4.6617291323665
4.479866868063275
4.605236818394808
4.680407389485397
5.175040677347768
4.35731286003793
4.628883036104149
4.5675630257108475
4.750861407405459
3.6511375549260667
3.8143887118549418
3.2730644183188162
3.9243162317500717
2.539519128510887
3.863611180621865
4.876779677569925
4.086956801839401
4.145628823542869
4.459409386965979
4.107192844225536
4.484215281804842
3.4181420259006963
5.118224570766
4.9019574667079695
3.3294775176098814
4.588173521019943
5.104518827788315
4.356310949738548
3.760222677044407
4.828187156516505
4.015138067015144
4.545518692293148
4.8685026195167955
4.017637949063035
3.953648129345824
4.088155408265825
4.392549826679293
5.061583822933185
4.601440856137161
4.27131277487128
4.150903932796691
3.481998379891091
3.052036823465089
3.7704038492915033
4.927147565495627
4.366994314413389
5.519596668258345
4.974654470018667
4.7849259546368925
4.701562826514729
4.779765836740149
5.278532362509445
4.301163088094527
4.656482272483291
4.439317067661917
5.313998335918928
3.642594856150346
3.7593853823879164
3.6090233023508476
5.058613790098309
4.268554607218059
3.638112899820807
4.923097849319305
4.734058507661984
4.146214044760559
4.209337611713428
3.563076748260194
3.5801368420419557
3.857952962044301
4.599272534338819
4.992416865712936
5.107690738902536
4.623281076203459
4.650125730896783
4.589430243637745
3.244851173838855
5.3602033296604095
5.057053321132733
4.921693629280815
4.144152985464557
4.2763627521767935
4.704309268058936
4.3956880544811385
4.808584351420659
4.864607929153348
4.435701109759842
4.046135273425357
4.788066722401367
3.7204221501887673
5.172692721644107
3.5502615850802655
4.377065228185741
4.780092206636523
4.550291065285682
4.5533076457523896
3.41415843600728
3.9552014311799026
4.773505938739309
4.274791997501431
3.67400494816789
3.7800330363175494
3.8872952301063037
5.039180788324269
5.447496190485158
5.006620567979748
5.315067617605407
4.716822332426625
4.946527387808579
3.402504979722807
4.578867006678444
4.738268027586818
4.070256670127176
4.209741650235594
5.700377147757492
4.981732914201761
4.476378459404733
5.567402181107796
4.987870818203315
4.38499051411911
5.01425936947867
4.9629986464090665
4.015201177934657
5.374303565495318
4.419550921953846
5.170951829834269
4.400006393333524
4.6747808905523955
5.334467872927042
4.917323370195039
5.031356137291147
5.180194982038563
4.0878881091562125
3.553612214825796
3.9461110002256974
4.553493687642991
5.185644424033396
4.5681932348615
4.569633921491398
5.215288598849037
5.194913199283127
3.985201243872121
5.141227704216425
4.7492356927370825
4.208125559533321
3.641334035852078
4.943615120015907
3.884064337928651
4.152882517066236
4.8017096451381
3.3093300310419154
4.845815734774023
4.097164143478182
4.889911509192493
4.1191381797980915
4.732534937774091
4.340917572024044
4.002778352124183
4.116354776907768
4.170362117477585
4.194600651064283
4.332245217800999
3.5441482670748585
3.2690416209537676
5.013645956608859
4.864795295415958
4.902784120851636
4.990229941859747
5.205472758524726
4.453949914523775
4.837430288540007
5.2771547003407475
3.434665575105765
5.005086962871128
5.147581502990042
4.96468963649577
5.186062310985511
3.815733725640826
3.7683252598146715
4.565866071030736
3.289368666482673
4.019480012241446
4.370872737548061
5.027631378086363
4.83808693332461
5.4077976180611635
4.871361300042583
5.15744462666708
4.64859807449029
3.6239443258443114
3.4652213873702835
2.8435008085581783
4.3772922000486085
5.479681613485213
5.090977304608085
4.58939948364618
4.073497556646144
4.492505772786182
4.475446006389126
4.767435890921058
4.592839760177722
4.437566343923374
4.382096254027416
4.616297207114351
4.9579121506311745
4.184571926646634
5.022732750474195
5.093227287891542
4.935169598111943
4.601612351055592
4.771331068297138
4.173920830952837
4.7343305461064285
4.0093115718871575
4.471411536731638
4.851073448926002
5.173608326619
4.415584558866066
3.5697441442525886
5.4020230229041815
4.589155201033446
4.5900659531614005
4.288373322269479
3.882948554832271
4.792959600324128
4.920102492206748
4.69637403721511
3.885819113045749
3.7759454421147853
2.8714423558807796
3.4601585358984215
5.078098462169994
3.875271750207151
3.8791031532819424
3.696015163755338
2.547306182831385
4.426902774554927
4.279434766679403
4.691068270025111
5.213418993064064
4.159092510463307
3.5185739091544384
2.8738773469158723
3.4785624753922457
4.155751689783452
4.08617276557598
3.8466489872481318
3.857035735597902
4.248540063652237
4.031601916404538
4.282757440430479
3.471887701134753
3.6120879673433026
3.303858929739106
3.999002442699094
4.293241060463376
2.6365685476723177
3.2757816989727093
4.334902732181192
3.1347649218930975
3.9472227663488764
3.6602135309736914
4.2921213851657045
4.143962237933473
4.311241129143395
3.6809173201866887
4.055525504936569
4.922976774341937
4.640329960803193
3.6900617918833905
4.371812679229096
5.1806390703499305
5.146592461531784
5.9197368425161985
3.5381059135250013
4.348548176019876
4.750691959117214
5.3641081167559745
4.686737096763949
4.907290035627241
5.282784166259584
5.005562636821254
4.146515407757873
5.039157059267172
5.341408321497153
4.343405859545025
4.995712107321529
5.0195890924997375
3.8749277431514146
4.996223448605351
5.339633446708538
5.193175666584091
5.2835627226960264
4.523114665691241
4.433572751181551
4.318231367365347
5.187907386296201
4.763052275539345
5.006224450018571
4.084231922027378
4.863311328651044
4.2156734140129934
3.395360440142017
4.857626968950065
5.162744093578797
4.798585699093374
4.9876350546008315
4.78212009784931
5.354048167304524
5.054836599970979
5.12479018175142
5.455287674826035
4.156057007104414
5.087875631235886
4.404806353096035
4.814202686402679
4.329047569053679
4.934513452295921
5.481531172247383
4.678476085394048
4.544430319357553
4.309969872363471
4.744306344791781
4.043536023150957
3.886363643158921
4.704276134236423
4.453720637647856
4.464081407245152
4.887424628934437
4.896465629194297
4.363825018585834
3.8193583049630075
4.031978274221843
5.549761630902981
5.114891854401399
4.390288455002776
5.575721365148998
4.858570641357013
4.654936379374331
4.644100568957767
4.023025346936625
4.831974256874507
4.809048715321474
5.591023784306699
4.7491588621919325
3.977227604636562
4.2867721327337325
4.506404319846857
4.373672327519449
4.948857243517875
3.9137606177691606
4.578392408122264
3.551476837143172
4.978775042110621
4.337921214967399
4.81443092251884
5.5022755860826935
5.339256314862529
4.088628348426983
4.2479048099061165
4.210972199377652
5.032373265571028
3.617819420607512
4.2440395632940335
3.9162677628191145
4.437449925986881
4.407533771768322
3.9114381387304102
4.311658448874864
4.330471240782462
4.816358963200923
5.217900239754415
5.523477352720531
5.654648047736464
4.799394208304676
4.640836911269546
5.588292214850883
4.119291386085479
5.4200464513696245
5.3349854839813755
4.995591478657224
5.164830801803291
5.9992633292662445
4.272835600644184
3.826516095616883
5.591848800609204
5.364257427001953
5.525682395583862
4.989469619095558
4.690389423910346
5.799591561605328
5.13953438858823
4.813899186359844
3.8398782866044954
5.070675751264638
5.555394147724635
4.91995769678554
5.003761247935136
4.6273123715950035
5.1612478793509995
5.63746745057474
4.766343030314675
5.088861292497754
4.50992474150912
5.1183230799754655
5.012496545603568
3.600383292104749
4.90740826840725
5.329709869764821
3.973917930602718
5.121522212494071
5.481625258653867
5.059900843608583
4.974316980432083
4.883429751786795
4.481275956845604
5.06004176298884
5.058173810489545
4.816514738950142
4.95906860713374
4.492401410348613
4.599627841600206
4.606202584033354
5.59558736020423
4.465937051744721
4.447854583875188
4.333363406916473
4.685072104150154
4.158769606304841
5.563110230259609
5.29711892025409
5.273144417251999
4.503264650611895
5.093761078188034
4.310228773807797
4.440886870119274
4.573987957352118
4.537417190586919
5.350694127699061
4.815680161408916
4.706725216515689
5.181402661818071
4.63653025737713
5.563907745889884
4.417356509927009
5.235885105337014
5.2844263247341665
4.777382928516286
5.295383033023061
5.16513597741579
5.641431041563326
4.924760090856607
5.0113186676250425
4.907489940968257
4.66092336447099
5.526729711695638
4.552304363900509
4.323133839576229
4.678692652053987
4.628961606443424
4.86808142426779
4.6552721820412
4.3785083926422415
5.243849329700169
4.505606640454703
5.311625793102682
4.739449677493873
5.464939454046894
4.727272937162338
5.122800705825067
5.266786617019766
4.3737021539380265
5.341240203628195
3.907277269041857
4.301526323477826
5.488287863393935
5.067279772847978
5.1612572517620565
4.898369632742887
4.748987521467545
4.449070720653615
4.314368759261377
4.975045169262717
4.511882228364012
4.542611432872118
4.115308460999835
4.748743315896651
3.143413315727128
3.8028121564636703
4.655537869902916
4.354686421382441
4.656446792011681
4.932428476836062
4.7737929465904365
4.373807746641759
5.400301376389096
5.196097344323889
5.305941398507851
5.833857237827437
3.5536690796666397
4.272502524527343
4.3463618932388375
5.434537508351103
5.369873311925575
3.4479242124963494
4.08875316700359
4.308157423948644
4.999188316253544
3.7885700532827316
3.8572418052074786
3.7242256455035396
4.8554577075131204
5.50904739772355
5.059571451050049
5.455091248545197
4.4366090034336265
5.871215373158408
5.217530300647894
4.5409158991684295
4.637662328126324
4.93494875113534
5.2252233276051525
5.417826559767029
4.657742346937918
5.476228996142224
5.413904988391986
4.836769180318652
4.849697165731383
4.858153211674139
4.290351192986268
5.440082186975427
4.26927841907153
5.053220812994718
4.514109196150848
4.63130698226934
4.637808035704881
4.867451321981427
4.007655483055804
3.306745727915275
4.553293628625369
4.41882315650386
5.319749808486824
4.138531155127783
5.5300665174747055
4.382806025349884
5.189270603898262
5.3885126308945335
4.727900121001597
5.385554653141644
4.725813665994442
4.387380725159449
5.020395291421745
4.470372172910204
5.403247846904283
4.7505311761028075
5.451891702584237
5.379714318223461
4.831758450991205
5.8350209260072186
5.419261827570618
5.252186292463893
4.869588823665966
5.366928977882262
3.773352830006887
5.307570483287843
4.179229319846359
5.674663491485103
5.343387142797926
5.088551895851467
4.512800120306977
4.31615897956962
3.5386913365214814
5.191401386346352
5.510091721037844
3.9835812438994136
5.741949064517478
5.358550528883657
5.14724984837344
5.706135528807666
5.127558064539483
4.373991350465861
4.453805386516792
4.58775394345377
5.085440304455368
4.983318126738337
5.359444606340643
5.292814290501953
5.352572259754237
4.776362312425728
5.652533738057761
4.929747607956517
4.147239642268155
4.618871844772231
5.05279585749085
5.530912212142592
4.508036491241511
4.42410288585297
4.3836442399370945
5.195907994544307
4.9663558619138035
5.1330318861045425
4.978938931969741
5.107061950449244
4.533800722818803
5.243473071349775
5.419438091145039
5.002675927232625
4.4264837191773765
4.21801564467584
5.034284593629521
5.314678914038999
4.740115941291712
5.472311391252727
5.386986024202486
5.229595580913706
5.029897062470962
5.099087154389006
5.021530756593907
3.739336199574279
3.900752060487481
4.262775611970226
4.20624156489975
5.495324396308139
5.1631217932264635
4.892896485350576
5.155156451616661
4.832549756649552
4.778624318812267
4.346756029088343
4.8016452680425195
4.8944483915129595
4.329515904128672
4.488372482264511
3.8515962459812667
4.737398198066435
3.9632618463360627
5.388755438593124
5.327593077627777
5.405652889420327
5.575986401876298
5.363425293862299
5.750254741695745
5.020629645597356
4.599326444483874
4.819621673080593
5.199306640576028
4.961218147331924
5.836005444667996
5.111169485939157
4.733892186927968
4.3176764314467455
4.977384212715937
5.095230473125976
5.465023430986654
5.234455747212688
5.587134930032332
5.331742293582725
4.602797094000904
4.778000290527622
4.507654602734113
4.865107338201692
5.376423334918902
5.381946105851927
4.534462450899635
3.7639941540038757
4.400354672794773
4.445491728452669
4.741145835345098
4.75208214347444
4.37567326903298
4.568113306607888
4.988178406488817
5.200542755541837
5.586850269267825
4.6556620957632635
5.528098891142801
4.982130061689029
4.319264460467627
4.442398211853557
4.169474249228402
5.676194591072409
4.94741789524871
5.04003790426063
5.128729577931566
4.302443589658701
4.93051729130297
5.256990218029902
5.029826882010155
5.339707698195941
5.050821035118006
4.338141287040412
4.306741070931789
4.564137007991726
3.5305595157291956
4.3871940769303075
4.5221641105025565
4.531694097330151
4.154364483409131
5.159353382706358
5.076668657719833
5.151345357649302
4.760414655544668
5.56457396136176
4.554577042093399
4.154286653890622
4.8456252522638605
4.074841844553487
5.326957414527901
4.876323636097772
5.279934697882546
5.042675456882318
3.992932251850782
4.705694668494695
4.421309006645885
4.799139383806567
3.9212810200847814
4.712037207657913
5.315871421750641
5.238376375271018
4.106355684071118
4.413935956995879
4.167740306448443
4.70659800650762
4.288970637874713
3.999976300576991
5.10165104394296
4.3408680528246055
4.84581852065678
3.7139687739022342
3.994395587300971
3.7692638133935805
4.798980994112578
5.277284777862631
4.855275302335622
4.116314287215195
4.86482620908731
4.645432378054476
3.784734379170259
5.241468592921285
4.0962027922835285
4.270344065748022
4.390936639444486
3.608467024394455
4.493481815674849
5.138842227339692
5.271978545079085
4.279992701257536
5.216747198134591
5.422647814164359
4.845125398066488
4.649275453351101
5.413202707305834
5.1570095006892895
5.02374843150644
4.674906983679756
5.017834296357389
4.437341822015404
3.441082587520381
4.26571315108362
4.500880130782809
4.91100328700475
5.399183038452446
5.0698328890542355
3.9683137552132615
3.435259876503721
4.7073661996672325
3.8352436303378385
5.3439917981468765
4.767776643609993
4.094744235845018
3.652271017113752
4.862012594453255
4.829992163668568
4.95797075935386
4.39970375423045
4.40460555906796
3.4983825727541324
4.9961948666322495
3.9363761042358196
4.314095983699711
4.384910193787397
4.246734910286048
3.962560284437402
4.52900426878268
3.4230918951598825
4.180049032164214
4.193237792292452
4.614385828509019
4.23269977535968
4.709305779135426
5.208844059953398
4.472732319295002
4.601934059719186
4.408745879466248
4.278323462442131
4.239695620042721
3.7177383197014064
3.8232112171357984
4.360711296001368
4.643697775720546
4.054300620124248
5.007020366018681
5.095988647916307
3.4866222516842225
5.161246840409498
5.188462126569602
3.808683117432147
4.681242091681164
4.368491436550215
4.199484227531222
4.556067847558629
4.717841016619851
4.890852384194725
3.8112922565460616
4.960088623895101
5.206252901975176
4.84196336539557
4.7575198616680305
3.2104932185084523
4.260383516269116
4.509129511859222
4.611226408540769
4.58276379955478
5.472477262383734
4.438714628518002
4.333146442691388
4.307755254310425
4.2415600067595935
4.905924173613067
4.999806631557867
3.9898556301995782
4.242730908437932
5.37947087591493
4.6204830485450215
4.242654286176074
5.434174959436048
5.302800058947722
5.284863020738515
4.580116814135585
4.68735495634242
5.157114004056972
4.689087782008574
5.368978252023531
4.7362793830044625
5.035922909705659
5.2315586912018395
5.291380293813775
5.075319494763974
5.195569546003081
4.417797784383041
5.319855480813952
5.187725429440856
4.678599410568691
4.27962236298661
4.042945353710914
5.20372324439521
4.160845346444311
4.820658397495543
4.959585170862288
4.190592812401596
4.4708974308107
4.640827117521721
4.255845333311692
4.399760095474608
4.4629351774390065
4.255846478208562
3.764762047049818
4.076227926771259
4.619949880378695
4.868330148707761
4.536470127699762
4.353234906763229
4.693527068047267
4.471429621844977
4.572255727507709
4.148928024031323
4.181836989286373
4.470731360621921
3.854652596872453
3.250083693108955
4.538682265873443
4.747427897132346
4.480804677463238
3.8313190111855673
2.8343240862442967
4.225222224060613
3.996798300401548
4.833376389545789
4.914864712110534
4.282909519554662
4.599058130131578
3.398192135842891
4.77427328457848
3.595336858576343
3.8289370394090594
4.21897697616223
4.052588435688396
3.8748392752142737
3.852779906074071
4.958403536830518
4.410415601292018
4.588702043491513
4.655897600281301
5.124221042385974
4.908161548956957
4.520717167952
4.233613229192189
3.5261427521431146
3.959050773106389
4.959103467658531
4.606789509952809
5.122421635311428
4.952247645448303
4.803197730954826
4.324098217245018
4.125808866628054
3.6924655133330955
4.9824442832357665
4.221917353305457
4.4010327800661235
4.999348008733596
4.579389610954068
4.766885689081251
4.775197297628128
4.047830206523618
4.281590401482195
4.503879547866548
4.473057869801801
4.419350004276858
4.427147330856137
4.321712225328528
3.769968511317309
3.802609200035797
4.324925050732037
4.9699120335825
3.2156332859383285
4.460018873945641
4.549367112570952
3.1961907368318574
4.1820285599812435
3.7991001347490716
3.9594991479087045
4.63194705137385
4.5389200536544365
4.719157545807066
4.760698243045239
3.784477732189429
4.732302377541294
4.759434582355522
4.545319819600719
2.5129485197859047
3.8770958720694733
4.3596436510163485
4.045164618989628
4.218729140737836
4.57251432026826
4.664486890840829
4.218459071532933
4.849747479532462
3.6766506112337645
4.274397747021455
3.595251657830171
3.8946190753173924
4.665959178072821
4.839678552426379
4.356160883777793
5.028811525806072
4.512515289744473
4.013767877665007
4.71883280768287
5.307008463704068
4.1181234295863405
5.1641611769091
4.553081336615494
4.261218303583466
4.902053320042181
3.7487025796105953
3.573736880690263
3.634075423662647
4.162974517631962
4.7898032168123255
4.145200795735715
4.6309332380179855
4.086417010060595
3.6693448417923022
4.7099570398218855
3.9109572748577635
4.585844678880747
3.730561524084188
4.013973602894079
3.813855007768159
2.976135927999283
2.6928996955945887
4.520064794175576
4.449964788233534
3.882502707417205
4.193170837882066
3.958980969605507
4.5224636111451275
4.545325472044142
3.102648969448635
4.714373965829162
4.6175675615083325
4.748863622370879
3.4320735066272983
3.978473082772976
4.614399631762983
3.768444016379954
3.5100530463283284
3.7322782356469375
4.539951337785253
3.83127914775401
4.048964435598717
5.1444043196908
4.183165500403493
3.84435712542184
3.476508822592165
4.468047766507733
4.4453423951015125
4.611131161617857
3.421098925147695
4.263089962734651
3.6051303360813036
2.845874205985191
4.340974002747862
4.57230423073674
3.7458893757740097
5.243251983875482
4.901879097085061
4.405961742343431
4.281048762717016
4.224811424351795
4.23720442926665
4.126382888070925
4.486095376447656
4.631937180654538
4.0867118129955555
4.934353556821577
4.106664854451284
4.768267203517189
4.963153446142101
4.155981660311034
4.983069274768354
3.886158069010656
3.3669951907423674
4.331226270452374
5.247909634949221
5.364351314251572
4.811044228870912
4.174059333047289
4.316208049859234
4.432083105992341
4.433874163684462
4.4572836143102075
